-3.570692 -65.200246 -66.836970
-13.933166 -75.322850 -66.836970
-19.234897 -87.614583 -66.836970
-17.306995 -99.906317 -66.836970
-7.667484 -109.064863 -66.836970
5.345855 -114.608194 -66.836970
26.311791 -116.536309 -66.836970
44.385874 -117.741381 -66.836970
58.122176 -116.295294 -66.836970
69.207614 -106.895734 -66.836970
75.714283 -97.737187 -66.836970
75.232308 -91.952842 -66.836970
66.556748 -92.675885 -66.836970
54.507360 -91.952842 -66.836970
40.530069 -90.506756 -66.836970
28.480681 -83.758353 -66.836970
20.046109 -74.358793 -66.836970
10.888574 -66.164304 -66.836970
