80.775027 -28.084032 -66.836970
86.317745 -38.929679 -66.836970
89.209599 -53.390542 -66.836970
88.486635 -65.441261 -66.836970
84.630831 -76.286908 -66.836970
77.642186 -84.481396 -66.836970
66.797736 -86.650526 -66.836970
53.302421 -85.927483 -66.836970
42.216984 -83.035310 -66.836970
34.746363 -76.768936 -66.836970
25.829815 -68.815462 -66.836970
19.323146 -62.067059 -66.836970
15.949317 -54.595614 -66.836970
13.780427 -47.124168 -66.836970
18.600182 -40.616780 -66.836970
25.588828 -33.868377 -66.836970
28.239693 -25.914903 -66.836970
35.469326 -21.335630 -66.836970
43.662910 -20.130558 -66.836970
52.097482 -19.889543 -66.836970
62.700944 -20.371572 -66.836970
72.581443 -23.986788 -66.836970
