15.226354 -32.663305 -66.836970
25.347840 -22.058673 -66.836970
38.120192 -14.105198 -66.836970
54.025384 -12.177083 -66.836970
74.027369 -17.238385 -66.836970
89.209599 -32.663305 -66.836970
94.511329 -53.631556 -66.836970
93.306391 -70.743577 -66.836970
87.522684 -83.517339 -66.836970
82.220953 -90.024727 -66.836970
78.847124 -97.014144 -66.836970
74.750332 -107.136748 -66.836970
66.315761 -114.608194 -66.836970
59.086127 -120.151524 -66.836970
49.446617 -122.320654 -66.836970
10.647586 -118.705438 -66.836970
2.454002 -116.536309 -66.836970
-5.739582 -114.849208 -66.836970
-12.487240 -109.546892 -66.836970
-20.921812 -98.460230 -66.836970
-24.536628 -84.963425 -66.836970
-18.752922 -77.009951 -66.836970
-11.041313 -66.164304 -66.836970
-3.329705 -58.451844 -66.836970
7.996721 -38.688665 -66.836970
